{
 "cells": [
  {
   "cell_type": "raw",
   "id": "626b1614-6c92-4228-9352-5d8eddded520",
   "metadata": {},
   "source": [
    "---\n",
    "title: \"[TS] (발표) 카카오 주식 시계열분석v2\"\n",
    "author: \"김보람\"\n",
    "date: \"12/14/2023\"\n",
    "categories:\n",
    "  - Time Series\n",
    "---"
   ]
  },
  {
   "cell_type": "markdown",
   "id": "08f939b6-1332-4170-8ea5-0ff972fa1cb8",
   "metadata": {},
   "source": [
    "`-` 데이터 source: http://data.krx.co.kr/contents/MDC/MDI/mdiLoader/index.cmd?menuId=MDC0201020203"
   ]
  },
  {
   "cell_type": "markdown",
   "id": "21682ff6-11a0-4f8f-91cc-f3546c7d8f62",
   "metadata": {},
   "source": [
    "참고 https://velog.io/@isitcake_yes/mlarimastockprediction"
   ]
  },
  {
   "cell_type": "markdown",
   "id": "c62145f0-b1ee-4166-8052-651c48e5994d",
   "metadata": {},
   "source": [
    "# import"
   ]
  },
  {
   "cell_type": "code",
   "execution_count": 187,
   "id": "1a0bc202-9fe3-4ca9-95cd-fbb05646220a",
   "metadata": {},
   "outputs": [],
   "source": [
    "library(forecast)\n",
    "library(lubridate)\n",
    "library(zoo)\n",
    "library(dplyr)"
   ]
  },
  {
   "cell_type": "markdown",
   "id": "dcd882a3-bd6a-4831-a5a6-184e2b33e6bf",
   "metadata": {},
   "source": [
    "# data"
   ]
  },
  {
   "cell_type": "code",
   "execution_count": 2,
   "id": "da18a6fc-cf14-4bb3-89f5-436dd7313b45",
   "metadata": {},
   "outputs": [],
   "source": [
    "kakao <- read.csv(\"kakaodata_1206.csv\", fileEncoding = \"ISO-8859-1\")"
   ]
  },
  {
   "cell_type": "code",
   "execution_count": 3,
   "id": "be117075-2ac8-4382-8805-7629030e39aa",
   "metadata": {},
   "outputs": [
    {
     "data": {
      "text/html": [
       "<table class=\"dataframe\">\n",
       "<caption>A data.frame: 6 × 11</caption>\n",
       "<thead>\n",
       "\t<tr><th></th><th scope=col>ÀÏÀÚ</th><th scope=col>Á...</th><th scope=col>X.ëºñ</th><th scope=col>µî.ô.ü</th><th scope=col>X.Ã..</th><th scope=col>X.í..</th><th scope=col>Àú..</th><th scope=col>X.Å....</th><th scope=col>X.Å...ë.Ý</th><th scope=col>X.Ã..ÃÑ..</th><th scope=col>X.óÀåÁÖ.Ä.ö</th></tr>\n",
       "\t<tr><th></th><th scope=col>&lt;chr&gt;</th><th scope=col>&lt;int&gt;</th><th scope=col>&lt;int&gt;</th><th scope=col>&lt;dbl&gt;</th><th scope=col>&lt;int&gt;</th><th scope=col>&lt;int&gt;</th><th scope=col>&lt;int&gt;</th><th scope=col>&lt;int&gt;</th><th scope=col>&lt;dbl&gt;</th><th scope=col>&lt;dbl&gt;</th><th scope=col>&lt;int&gt;</th></tr>\n",
       "</thead>\n",
       "<tbody>\n",
       "\t<tr><th scope=row>1</th><td>2023/12/06</td><td>50900</td><td> 100</td><td> 0.20</td><td>50700</td><td>51100</td><td>50200</td><td> 735503</td><td>37302792200</td><td>2.262484e+13</td><td>444495970</td></tr>\n",
       "\t<tr><th scope=row>2</th><td>2023/12/05</td><td>50800</td><td>   0</td><td> 0.00</td><td>50700</td><td>51200</td><td>50200</td><td>1142447</td><td>57992282100</td><td>2.258040e+13</td><td>444495970</td></tr>\n",
       "\t<tr><th scope=row>3</th><td>2023/12/04</td><td>50800</td><td>1100</td><td> 2.21</td><td>49800</td><td>51300</td><td>49750</td><td>1785113</td><td>90624610300</td><td>2.258040e+13</td><td>444495970</td></tr>\n",
       "\t<tr><th scope=row>4</th><td>2023/12/01</td><td>49700</td><td>-800</td><td>-1.58</td><td>50400</td><td>50400</td><td>49650</td><td>1105367</td><td>55174771850</td><td>2.209145e+13</td><td>444495970</td></tr>\n",
       "\t<tr><th scope=row>5</th><td>2023/11/30</td><td>50500</td><td>   0</td><td> 0.00</td><td>50200</td><td>50900</td><td>50000</td><td>1613598</td><td>81271347200</td><td>2.244705e+13</td><td>444495970</td></tr>\n",
       "\t<tr><th scope=row>6</th><td>2023/11/29</td><td>50500</td><td>-600</td><td>-1.17</td><td>50800</td><td>51300</td><td>50100</td><td>1284120</td><td>65153113600</td><td>2.244705e+13</td><td>444495970</td></tr>\n",
       "</tbody>\n",
       "</table>\n"
      ],
      "text/latex": [
       "A data.frame: 6 × 11\n",
       "\\begin{tabular}{r|lllllllllll}\n",
       "  & ÀÏÀÚ & Á... & X.ëºñ & µî.ô.ü & X.Ã.. & X.í.. & Àú.. & X.Å.... & X.Å...ë.Ý & X.Ã..ÃÑ.. & X.óÀåÁÖ.Ä.ö\\\\\n",
       "  & <chr> & <int> & <int> & <dbl> & <int> & <int> & <int> & <int> & <dbl> & <dbl> & <int>\\\\\n",
       "\\hline\n",
       "\t1 & 2023/12/06 & 50900 &  100 &  0.20 & 50700 & 51100 & 50200 &  735503 & 37302792200 & 2.262484e+13 & 444495970\\\\\n",
       "\t2 & 2023/12/05 & 50800 &    0 &  0.00 & 50700 & 51200 & 50200 & 1142447 & 57992282100 & 2.258040e+13 & 444495970\\\\\n",
       "\t3 & 2023/12/04 & 50800 & 1100 &  2.21 & 49800 & 51300 & 49750 & 1785113 & 90624610300 & 2.258040e+13 & 444495970\\\\\n",
       "\t4 & 2023/12/01 & 49700 & -800 & -1.58 & 50400 & 50400 & 49650 & 1105367 & 55174771850 & 2.209145e+13 & 444495970\\\\\n",
       "\t5 & 2023/11/30 & 50500 &    0 &  0.00 & 50200 & 50900 & 50000 & 1613598 & 81271347200 & 2.244705e+13 & 444495970\\\\\n",
       "\t6 & 2023/11/29 & 50500 & -600 & -1.17 & 50800 & 51300 & 50100 & 1284120 & 65153113600 & 2.244705e+13 & 444495970\\\\\n",
       "\\end{tabular}\n"
      ],
      "text/markdown": [
       "\n",
       "A data.frame: 6 × 11\n",
       "\n",
       "| <!--/--> | ÀÏÀÚ &lt;chr&gt; | Á... &lt;int&gt; | X.ëºñ &lt;int&gt; | µî.ô.ü &lt;dbl&gt; | X.Ã.. &lt;int&gt; | X.í.. &lt;int&gt; | Àú.. &lt;int&gt; | X.Å.... &lt;int&gt; | X.Å...ë.Ý &lt;dbl&gt; | X.Ã..ÃÑ.. &lt;dbl&gt; | X.óÀåÁÖ.Ä.ö &lt;int&gt; |\n",
       "|---|---|---|---|---|---|---|---|---|---|---|---|\n",
       "| 1 | 2023/12/06 | 50900 |  100 |  0.20 | 50700 | 51100 | 50200 |  735503 | 37302792200 | 2.262484e+13 | 444495970 |\n",
       "| 2 | 2023/12/05 | 50800 |    0 |  0.00 | 50700 | 51200 | 50200 | 1142447 | 57992282100 | 2.258040e+13 | 444495970 |\n",
       "| 3 | 2023/12/04 | 50800 | 1100 |  2.21 | 49800 | 51300 | 49750 | 1785113 | 90624610300 | 2.258040e+13 | 444495970 |\n",
       "| 4 | 2023/12/01 | 49700 | -800 | -1.58 | 50400 | 50400 | 49650 | 1105367 | 55174771850 | 2.209145e+13 | 444495970 |\n",
       "| 5 | 2023/11/30 | 50500 |    0 |  0.00 | 50200 | 50900 | 50000 | 1613598 | 81271347200 | 2.244705e+13 | 444495970 |\n",
       "| 6 | 2023/11/29 | 50500 | -600 | -1.17 | 50800 | 51300 | 50100 | 1284120 | 65153113600 | 2.244705e+13 | 444495970 |\n",
       "\n"
      ],
      "text/plain": [
       "  ÀÏÀÚ       Á...  X.ëºñ µî.ô.ü X.Ã.. X.í.. Àú..  X.Å.... X.Å...ë.Ý  \n",
       "1 2023/12/06 50900  100   0.20  50700 51100 50200  735503 37302792200\n",
       "2 2023/12/05 50800    0   0.00  50700 51200 50200 1142447 57992282100\n",
       "3 2023/12/04 50800 1100   2.21  49800 51300 49750 1785113 90624610300\n",
       "4 2023/12/01 49700 -800  -1.58  50400 50400 49650 1105367 55174771850\n",
       "5 2023/11/30 50500    0   0.00  50200 50900 50000 1613598 81271347200\n",
       "6 2023/11/29 50500 -600  -1.17  50800 51300 50100 1284120 65153113600\n",
       "  X.Ã..ÃÑ..    X.óÀåÁÖ.Ä.ö\n",
       "1 2.262484e+13 444495970  \n",
       "2 2.258040e+13 444495970  \n",
       "3 2.258040e+13 444495970  \n",
       "4 2.209145e+13 444495970  \n",
       "5 2.244705e+13 444495970  \n",
       "6 2.244705e+13 444495970  "
      ]
     },
     "metadata": {},
     "output_type": "display_data"
    }
   ],
   "source": [
    "head(kakao)"
   ]
  },
  {
   "cell_type": "code",
   "execution_count": 4,
   "id": "c4365138-5ee7-40c7-8857-fbf89f8306ef",
   "metadata": {},
   "outputs": [],
   "source": [
    "colnames(kakao) <- c(\"일자\",\"종가\",\"대비\",\"등락률\",\"시가\",\"고가\",\"저가\",\"거래량\",\"거래대금\",\"시가총액\",\"상장주식수\")"
   ]
  },
  {
   "cell_type": "code",
   "execution_count": 24,
   "id": "25856606-4296-45f0-9a9c-0b2040350115",
   "metadata": {},
   "outputs": [
    {
     "data": {
      "text/html": [
       "<table class=\"dataframe\">\n",
       "<caption>A data.frame: 6 × 11</caption>\n",
       "<thead>\n",
       "\t<tr><th></th><th scope=col>일자</th><th scope=col>종가</th><th scope=col>대비</th><th scope=col>등락률</th><th scope=col>시가</th><th scope=col>고가</th><th scope=col>저가</th><th scope=col>거래량</th><th scope=col>거래대금</th><th scope=col>시가총액</th><th scope=col>상장주식수</th></tr>\n",
       "\t<tr><th></th><th scope=col>&lt;chr&gt;</th><th scope=col>&lt;int&gt;</th><th scope=col>&lt;int&gt;</th><th scope=col>&lt;dbl&gt;</th><th scope=col>&lt;int&gt;</th><th scope=col>&lt;int&gt;</th><th scope=col>&lt;int&gt;</th><th scope=col>&lt;int&gt;</th><th scope=col>&lt;dbl&gt;</th><th scope=col>&lt;dbl&gt;</th><th scope=col>&lt;int&gt;</th></tr>\n",
       "</thead>\n",
       "<tbody>\n",
       "\t<tr><th scope=row>1</th><td>2023/01/02</td><td>52700</td><td>-400</td><td>-0.75</td><td>53600</td><td>53800</td><td>52400</td><td> 887667</td><td> 46979376500</td><td>2.347313e+13</td><td>445410387</td></tr>\n",
       "\t<tr><th scope=row>2</th><td>2023/01/03</td><td>53300</td><td> 600</td><td> 1.14</td><td>52400</td><td>53500</td><td>51400</td><td>1420569</td><td> 74588286800</td><td>2.374037e+13</td><td>445410387</td></tr>\n",
       "\t<tr><th scope=row>3</th><td>2023/01/04</td><td>55700</td><td>2400</td><td> 4.50</td><td>53200</td><td>56000</td><td>53100</td><td>2241411</td><td>123346180300</td><td>2.480936e+13</td><td>445410387</td></tr>\n",
       "\t<tr><th scope=row>4</th><td>2023/01/05</td><td>57700</td><td>2000</td><td> 3.59</td><td>55800</td><td>58200</td><td>55700</td><td>3046064</td><td>175103778900</td><td>2.570018e+13</td><td>445410387</td></tr>\n",
       "\t<tr><th scope=row>5</th><td>2023/01/06</td><td>57200</td><td>-500</td><td>-0.87</td><td>57200</td><td>58000</td><td>56500</td><td>1420345</td><td> 81326211100</td><td>2.547747e+13</td><td>445410387</td></tr>\n",
       "\t<tr><th scope=row>6</th><td>2023/01/09</td><td>61100</td><td>3900</td><td> 6.82</td><td>58700</td><td>61200</td><td>58300</td><td>3482961</td><td>208443993900</td><td>2.721457e+13</td><td>445410387</td></tr>\n",
       "</tbody>\n",
       "</table>\n"
      ],
      "text/latex": [
       "A data.frame: 6 × 11\n",
       "\\begin{tabular}{r|lllllllllll}\n",
       "  & 일자 & 종가 & 대비 & 등락률 & 시가 & 고가 & 저가 & 거래량 & 거래대금 & 시가총액 & 상장주식수\\\\\n",
       "  & <chr> & <int> & <int> & <dbl> & <int> & <int> & <int> & <int> & <dbl> & <dbl> & <int>\\\\\n",
       "\\hline\n",
       "\t1 & 2023/01/02 & 52700 & -400 & -0.75 & 53600 & 53800 & 52400 &  887667 &  46979376500 & 2.347313e+13 & 445410387\\\\\n",
       "\t2 & 2023/01/03 & 53300 &  600 &  1.14 & 52400 & 53500 & 51400 & 1420569 &  74588286800 & 2.374037e+13 & 445410387\\\\\n",
       "\t3 & 2023/01/04 & 55700 & 2400 &  4.50 & 53200 & 56000 & 53100 & 2241411 & 123346180300 & 2.480936e+13 & 445410387\\\\\n",
       "\t4 & 2023/01/05 & 57700 & 2000 &  3.59 & 55800 & 58200 & 55700 & 3046064 & 175103778900 & 2.570018e+13 & 445410387\\\\\n",
       "\t5 & 2023/01/06 & 57200 & -500 & -0.87 & 57200 & 58000 & 56500 & 1420345 &  81326211100 & 2.547747e+13 & 445410387\\\\\n",
       "\t6 & 2023/01/09 & 61100 & 3900 &  6.82 & 58700 & 61200 & 58300 & 3482961 & 208443993900 & 2.721457e+13 & 445410387\\\\\n",
       "\\end{tabular}\n"
      ],
      "text/markdown": [
       "\n",
       "A data.frame: 6 × 11\n",
       "\n",
       "| <!--/--> | 일자 &lt;chr&gt; | 종가 &lt;int&gt; | 대비 &lt;int&gt; | 등락률 &lt;dbl&gt; | 시가 &lt;int&gt; | 고가 &lt;int&gt; | 저가 &lt;int&gt; | 거래량 &lt;int&gt; | 거래대금 &lt;dbl&gt; | 시가총액 &lt;dbl&gt; | 상장주식수 &lt;int&gt; |\n",
       "|---|---|---|---|---|---|---|---|---|---|---|---|\n",
       "| 1 | 2023/01/02 | 52700 | -400 | -0.75 | 53600 | 53800 | 52400 |  887667 |  46979376500 | 2.347313e+13 | 445410387 |\n",
       "| 2 | 2023/01/03 | 53300 |  600 |  1.14 | 52400 | 53500 | 51400 | 1420569 |  74588286800 | 2.374037e+13 | 445410387 |\n",
       "| 3 | 2023/01/04 | 55700 | 2400 |  4.50 | 53200 | 56000 | 53100 | 2241411 | 123346180300 | 2.480936e+13 | 445410387 |\n",
       "| 4 | 2023/01/05 | 57700 | 2000 |  3.59 | 55800 | 58200 | 55700 | 3046064 | 175103778900 | 2.570018e+13 | 445410387 |\n",
       "| 5 | 2023/01/06 | 57200 | -500 | -0.87 | 57200 | 58000 | 56500 | 1420345 |  81326211100 | 2.547747e+13 | 445410387 |\n",
       "| 6 | 2023/01/09 | 61100 | 3900 |  6.82 | 58700 | 61200 | 58300 | 3482961 | 208443993900 | 2.721457e+13 | 445410387 |\n",
       "\n"
      ],
      "text/plain": [
       "  일자       종가  대비 등락률 시가  고가  저가  거래량  거래대금    \n",
       "1 2023/01/02 52700 -400 -0.75  53600 53800 52400  887667  46979376500\n",
       "2 2023/01/03 53300  600  1.14  52400 53500 51400 1420569  74588286800\n",
       "3 2023/01/04 55700 2400  4.50  53200 56000 53100 2241411 123346180300\n",
       "4 2023/01/05 57700 2000  3.59  55800 58200 55700 3046064 175103778900\n",
       "5 2023/01/06 57200 -500 -0.87  57200 58000 56500 1420345  81326211100\n",
       "6 2023/01/09 61100 3900  6.82  58700 61200 58300 3482961 208443993900\n",
       "  시가총액     상장주식수\n",
       "1 2.347313e+13 445410387 \n",
       "2 2.374037e+13 445410387 \n",
       "3 2.480936e+13 445410387 \n",
       "4 2.570018e+13 445410387 \n",
       "5 2.547747e+13 445410387 \n",
       "6 2.721457e+13 445410387 "
      ]
     },
     "metadata": {},
     "output_type": "display_data"
    }
   ],
   "source": [
    "kakao <- kakao[order(kakao$일자),]\n",
    "rownames(kakao) <- NULL\n",
    "head(kakao)"
   ]
  },
  {
   "cell_type": "code",
   "execution_count": 32,
   "id": "6bb2facd-6962-4bd9-a91a-470d7b70f06b",
   "metadata": {},
   "outputs": [
    {
     "data": {
      "text/html": [
       "<table class=\"dataframe\">\n",
       "<caption>A data.frame: 6 × 11</caption>\n",
       "<thead>\n",
       "\t<tr><th></th><th scope=col>일자</th><th scope=col>종가</th><th scope=col>대비</th><th scope=col>등락률</th><th scope=col>시가</th><th scope=col>고가</th><th scope=col>저가</th><th scope=col>거래량</th><th scope=col>거래대금</th><th scope=col>시가총액</th><th scope=col>상장주식수</th></tr>\n",
       "\t<tr><th></th><th scope=col>&lt;chr&gt;</th><th scope=col>&lt;int&gt;</th><th scope=col>&lt;int&gt;</th><th scope=col>&lt;dbl&gt;</th><th scope=col>&lt;int&gt;</th><th scope=col>&lt;int&gt;</th><th scope=col>&lt;int&gt;</th><th scope=col>&lt;int&gt;</th><th scope=col>&lt;dbl&gt;</th><th scope=col>&lt;dbl&gt;</th><th scope=col>&lt;int&gt;</th></tr>\n",
       "</thead>\n",
       "<tbody>\n",
       "\t<tr><th scope=row>225</th><td>2023/11/29</td><td>50500</td><td>-600</td><td>-1.17</td><td>50800</td><td>51300</td><td>50100</td><td>1284120</td><td>65153113600</td><td>2.244705e+13</td><td>444495970</td></tr>\n",
       "\t<tr><th scope=row>226</th><td>2023/11/30</td><td>50500</td><td>   0</td><td> 0.00</td><td>50200</td><td>50900</td><td>50000</td><td>1613598</td><td>81271347200</td><td>2.244705e+13</td><td>444495970</td></tr>\n",
       "\t<tr><th scope=row>227</th><td>2023/12/01</td><td>49700</td><td>-800</td><td>-1.58</td><td>50400</td><td>50400</td><td>49650</td><td>1105367</td><td>55174771850</td><td>2.209145e+13</td><td>444495970</td></tr>\n",
       "\t<tr><th scope=row>228</th><td>2023/12/04</td><td>50800</td><td>1100</td><td> 2.21</td><td>49800</td><td>51300</td><td>49750</td><td>1785113</td><td>90624610300</td><td>2.258040e+13</td><td>444495970</td></tr>\n",
       "\t<tr><th scope=row>229</th><td>2023/12/05</td><td>50800</td><td>   0</td><td> 0.00</td><td>50700</td><td>51200</td><td>50200</td><td>1142447</td><td>57992282100</td><td>2.258040e+13</td><td>444495970</td></tr>\n",
       "\t<tr><th scope=row>230</th><td>2023/12/06</td><td>50900</td><td> 100</td><td> 0.20</td><td>50700</td><td>51100</td><td>50200</td><td> 735503</td><td>37302792200</td><td>2.262484e+13</td><td>444495970</td></tr>\n",
       "</tbody>\n",
       "</table>\n"
      ],
      "text/latex": [
       "A data.frame: 6 × 11\n",
       "\\begin{tabular}{r|lllllllllll}\n",
       "  & 일자 & 종가 & 대비 & 등락률 & 시가 & 고가 & 저가 & 거래량 & 거래대금 & 시가총액 & 상장주식수\\\\\n",
       "  & <chr> & <int> & <int> & <dbl> & <int> & <int> & <int> & <int> & <dbl> & <dbl> & <int>\\\\\n",
       "\\hline\n",
       "\t225 & 2023/11/29 & 50500 & -600 & -1.17 & 50800 & 51300 & 50100 & 1284120 & 65153113600 & 2.244705e+13 & 444495970\\\\\n",
       "\t226 & 2023/11/30 & 50500 &    0 &  0.00 & 50200 & 50900 & 50000 & 1613598 & 81271347200 & 2.244705e+13 & 444495970\\\\\n",
       "\t227 & 2023/12/01 & 49700 & -800 & -1.58 & 50400 & 50400 & 49650 & 1105367 & 55174771850 & 2.209145e+13 & 444495970\\\\\n",
       "\t228 & 2023/12/04 & 50800 & 1100 &  2.21 & 49800 & 51300 & 49750 & 1785113 & 90624610300 & 2.258040e+13 & 444495970\\\\\n",
       "\t229 & 2023/12/05 & 50800 &    0 &  0.00 & 50700 & 51200 & 50200 & 1142447 & 57992282100 & 2.258040e+13 & 444495970\\\\\n",
       "\t230 & 2023/12/06 & 50900 &  100 &  0.20 & 50700 & 51100 & 50200 &  735503 & 37302792200 & 2.262484e+13 & 444495970\\\\\n",
       "\\end{tabular}\n"
      ],
      "text/markdown": [
       "\n",
       "A data.frame: 6 × 11\n",
       "\n",
       "| <!--/--> | 일자 &lt;chr&gt; | 종가 &lt;int&gt; | 대비 &lt;int&gt; | 등락률 &lt;dbl&gt; | 시가 &lt;int&gt; | 고가 &lt;int&gt; | 저가 &lt;int&gt; | 거래량 &lt;int&gt; | 거래대금 &lt;dbl&gt; | 시가총액 &lt;dbl&gt; | 상장주식수 &lt;int&gt; |\n",
       "|---|---|---|---|---|---|---|---|---|---|---|---|\n",
       "| 225 | 2023/11/29 | 50500 | -600 | -1.17 | 50800 | 51300 | 50100 | 1284120 | 65153113600 | 2.244705e+13 | 444495970 |\n",
       "| 226 | 2023/11/30 | 50500 |    0 |  0.00 | 50200 | 50900 | 50000 | 1613598 | 81271347200 | 2.244705e+13 | 444495970 |\n",
       "| 227 | 2023/12/01 | 49700 | -800 | -1.58 | 50400 | 50400 | 49650 | 1105367 | 55174771850 | 2.209145e+13 | 444495970 |\n",
       "| 228 | 2023/12/04 | 50800 | 1100 |  2.21 | 49800 | 51300 | 49750 | 1785113 | 90624610300 | 2.258040e+13 | 444495970 |\n",
       "| 229 | 2023/12/05 | 50800 |    0 |  0.00 | 50700 | 51200 | 50200 | 1142447 | 57992282100 | 2.258040e+13 | 444495970 |\n",
       "| 230 | 2023/12/06 | 50900 |  100 |  0.20 | 50700 | 51100 | 50200 |  735503 | 37302792200 | 2.262484e+13 | 444495970 |\n",
       "\n"
      ],
      "text/plain": [
       "    일자       종가  대비 등락률 시가  고가  저가  거래량  거래대금   \n",
       "225 2023/11/29 50500 -600 -1.17  50800 51300 50100 1284120 65153113600\n",
       "226 2023/11/30 50500    0  0.00  50200 50900 50000 1613598 81271347200\n",
       "227 2023/12/01 49700 -800 -1.58  50400 50400 49650 1105367 55174771850\n",
       "228 2023/12/04 50800 1100  2.21  49800 51300 49750 1785113 90624610300\n",
       "229 2023/12/05 50800    0  0.00  50700 51200 50200 1142447 57992282100\n",
       "230 2023/12/06 50900  100  0.20  50700 51100 50200  735503 37302792200\n",
       "    시가총액     상장주식수\n",
       "225 2.244705e+13 444495970 \n",
       "226 2.244705e+13 444495970 \n",
       "227 2.209145e+13 444495970 \n",
       "228 2.258040e+13 444495970 \n",
       "229 2.258040e+13 444495970 \n",
       "230 2.262484e+13 444495970 "
      ]
     },
     "metadata": {},
     "output_type": "display_data"
    }
   ],
   "source": [
    "tail(kakao)"
   ]
  },
  {
   "cell_type": "markdown",
   "id": "7671348d-cdeb-4240-8d83-d5f1375fa5b4",
   "metadata": {},
   "source": [
    "- 해당 데이터를 다운받을 때는, 12/6까지 있었는데, 원활한 데이터 분석을 위해서 1~11월의 데이터만 사용 5개의 12월 데이터는 빼고..\n",
    "\n",
    "- 1 ~ 10월에서 1 ~ 8월은 train data, 9~10월은 test data로 해볼까?\n",
    "\n",
    "- 11월은 예측해보고.. 비교해보자"
   ]
  },
  {
   "cell_type": "markdown",
   "id": "b2f9c67b-db52-4675-a60d-77330826c3c6",
   "metadata": {},
   "source": [
    "`-` kakao는 주식 데이터이기 때문에 공휴일은 거래 값이 없다.\n",
    "\n",
    "엑셀 데이터에는 아예 그 값이 비어진 상태로 구성되어 있음.\n",
    "\n",
    "예를 들어\n",
    "\n",
    "(1) 1/2\n",
    "\n",
    "(2) 1/3\n",
    "\n",
    "(3) 1/4\n",
    "\n",
    "(4) 1/5\n",
    "\n",
    "(5) 1/6\n",
    "\n",
    "(6) 1/9\n",
    "\n",
    "(7) 1/10\n",
    "\n",
    "이렇게 구성되어 있다. 음... 일단 결측값은 없는 거니까 1)그냥 돌리기(ㅎㅎ사실 이게 맞긴한듯) 2) 비어있는 공휴일에 대체 값을 집어넣기.. MA값을 집어 넣어도 괜찮을 것 같고 전날의 종가와 다음날의 시작값의 평균값을 넣어도 될거같기도 하다."
   ]
  },
  {
   "cell_type": "code",
   "execution_count": 25,
   "id": "ed46bd9a-feda-4ebb-8f54-73a39bbe3130",
   "metadata": {},
   "outputs": [],
   "source": [
    "calendar <- seq(as.Date(\"2023-01-01\"), as.Date(\"2023-11-30\"), by = \"days\")"
   ]
  },
  {
   "cell_type": "code",
   "execution_count": 26,
   "id": "8ca89d84-fd3b-45ce-8f94-19a0d1c0e4df",
   "metadata": {},
   "outputs": [],
   "source": [
    "date_na <- as.Date(setdiff(calendar, as.Date(kakao$일자)), origin= \"1970-01-01\")"
   ]
  },
  {
   "cell_type": "code",
   "execution_count": 27,
   "id": "4a48d4a8-57df-4923-a14c-8ee66d75841f",
   "metadata": {},
   "outputs": [
    {
     "data": {
      "text/html": [
       "108"
      ],
      "text/latex": [
       "108"
      ],
      "text/markdown": [
       "108"
      ],
      "text/plain": [
       "[1] 108"
      ]
     },
     "metadata": {},
     "output_type": "display_data"
    }
   ],
   "source": [
    "length(date_na)"
   ]
  },
  {
   "cell_type": "markdown",
   "id": "99cddcb3-7a2c-4b7d-a1da-5dfcbda42203",
   "metadata": {},
   "source": [
    "1월 1일부터 11월 30일까지 108개의 결측값이 있음. 정말 많군!"
   ]
  },
  {
   "cell_type": "markdown",
   "id": "d59399e2-4beb-4621-88f4-0d11bf41ecc0",
   "metadata": {},
   "source": [
    "`-` 3년의 카카오 데이터 봉차트"
   ]
  },
  {
   "attachments": {
    "90acc2d3-b904-435e-86e6-0c45fed7793a.png": {
